 VECTOR=    0.000000    0.000000    0.000000   ICLUS=    1
    3.7252    0.0000   -0.0000    0.0000    0.0000    0.0000   -0.0000    0.0000   -0.0000
    0.0000    3.7124   -0.0000    0.0000   -0.0000   -0.0000   -0.0000    0.0000    0.0000
   -0.0000   -0.0000    3.7124   -0.0000   -0.0000    0.0000   -0.0000    0.0000    0.0000
   -0.0000    0.0000   -0.0000    3.7124   -0.0000   -0.0000    0.0000    0.0000    0.0000
   -0.0000    0.0000   -0.0000    0.0000    1.4239   -0.0000   -0.0000   -0.0000   -0.0000
    0.0000   -0.0000   -0.0000   -0.0000   -0.0000    1.4239    0.0000    0.0000   -0.0000
   -0.0000    0.0000   -0.0000   -0.0000   -0.0000    0.0000    1.4239    0.0000   -0.0000
    0.0000    0.0000   -0.0000    0.0000   -0.0000   -0.0000    0.0000    5.8886   -0.0000
   -0.0000   -0.0000    0.0000    0.0000   -0.0000   -0.0000   -0.0000   -0.0000    5.8886
 VECTOR=   -2.084200   -2.084200    0.000000   ICLUS=    1
   -0.0609    0.0858    0.0858    0.0000   -0.1514   -0.0000    0.0000   -0.0000    0.0410
   -0.0858    0.1209    0.1301    0.0000   -0.2385    0.0000    0.0000   -0.0063    0.0614
   -0.0858    0.1301    0.1209   -0.0000   -0.2385    0.0000    0.0000    0.0063    0.0614
    0.0000    0.0000    0.0000   -0.0587   -0.0000    0.0924    0.0924    0.0000    0.0000
   -0.1514    0.2385    0.2385   -0.0000   -0.5079   -0.0000   -0.0000   -0.0000    0.1206
    0.0000   -0.0000    0.0000   -0.0924    0.0000    0.1523    0.1407   -0.0000    0.0000
   -0.0000    0.0000    0.0000   -0.0924   -0.0000    0.1407    0.1523   -0.0000    0.0000
   -0.0000    0.0063   -0.0063   -0.0000   -0.0000    0.0000   -0.0000   -0.0774    0.0000
    0.0410   -0.0614   -0.0614   -0.0000    0.1206   -0.0000    0.0000   -0.0000   -0.0543
 VECTOR=   -2.084200    0.000000    2.084200   ICLUS=    1
   -0.0609    0.0858   -0.0000   -0.0858   -0.0000   -0.0000    0.1514   -0.0355   -0.0205
   -0.0858    0.1209   -0.0000   -0.1301   -0.0000    0.0000    0.2385   -0.0564   -0.0253
   -0.0000   -0.0000   -0.0587   -0.0000    0.0924   -0.0924   -0.0000    0.0000    0.0000
    0.0858   -0.1301    0.0000    0.1209   -0.0000   -0.0000   -0.2385    0.0501    0.0362
   -0.0000    0.0000   -0.0924   -0.0000    0.1523   -0.1407    0.0000   -0.0000   -0.0000
   -0.0000   -0.0000    0.0924    0.0000   -0.1407    0.1523   -0.0000    0.0000   -0.0000
    0.1514   -0.2385   -0.0000    0.2385   -0.0000    0.0000   -0.5079    0.1044    0.0603
   -0.0355    0.0564   -0.0000   -0.0501   -0.0000   -0.0000    0.1044   -0.0601    0.0100
   -0.0205    0.0253   -0.0000   -0.0362    0.0000    0.0000    0.0603    0.0100   -0.0717
 VECTOR=    0.000000   -2.084200    2.084200   ICLUS=    1
   -0.0609    0.0000    0.0858   -0.0858    0.0000    0.1514    0.0000    0.0355   -0.0205
   -0.0000   -0.0587   -0.0000   -0.0000    0.0924    0.0000   -0.0924   -0.0000   -0.0000
   -0.0858    0.0000    0.1209   -0.1301    0.0000    0.2385   -0.0000    0.0564   -0.0253
    0.0858   -0.0000   -0.1301    0.1209   -0.0000   -0.2385   -0.0000   -0.0501    0.0362
   -0.0000   -0.0924   -0.0000    0.0000    0.1523   -0.0000   -0.1407    0.0000    0.0000
    0.1514   -0.0000   -0.2385    0.2385   -0.0000   -0.5079   -0.0000   -0.1044    0.0603
    0.0000    0.0924   -0.0000    0.0000   -0.1407    0.0000    0.1523    0.0000   -0.0000
    0.0355    0.0000   -0.0564    0.0501    0.0000   -0.1044   -0.0000   -0.0601   -0.0100
   -0.0205    0.0000    0.0253   -0.0362   -0.0000    0.0603   -0.0000   -0.0100   -0.0717
 VECTOR=   -2.084200    0.000000   -2.084200   ICLUS=    1
   -0.0609    0.0858   -0.0000    0.0858    0.0000    0.0000   -0.1514   -0.0355   -0.0205
   -0.0858    0.1209    0.0000    0.1301    0.0000    0.0000   -0.2385   -0.0564   -0.0253
    0.0000    0.0000   -0.0587    0.0000    0.0924    0.0924    0.0000   -0.0000    0.0000
   -0.0858    0.1301   -0.0000    0.1209    0.0000    0.0000   -0.2385   -0.0501   -0.0362
   -0.0000    0.0000   -0.0924   -0.0000    0.1523    0.1407    0.0000    0.0000    0.0000
    0.0000    0.0000   -0.0924    0.0000    0.1407    0.1523   -0.0000   -0.0000   -0.0000
   -0.1514    0.2385    0.0000    0.2385   -0.0000    0.0000   -0.5079   -0.1044   -0.0603
   -0.0355    0.0564    0.0000    0.0501   -0.0000    0.0000   -0.1044   -0.0601    0.0100
   -0.0205    0.0253   -0.0000    0.0362    0.0000   -0.0000   -0.0603    0.0100   -0.0717
 VECTOR=   -2.084200    2.084200    0.000000   ICLUS=    1
   -0.0609    0.0858   -0.0858    0.0000    0.1514   -0.0000   -0.0000   -0.0000    0.0410
   -0.0858    0.1209   -0.1301   -0.0000    0.2385    0.0000   -0.0000   -0.0063    0.0614
    0.0858   -0.1301    0.1209   -0.0000   -0.2385   -0.0000    0.0000   -0.0063   -0.0614
   -0.0000   -0.0000    0.0000   -0.0587    0.0000   -0.0924    0.0924    0.0000    0.0000
    0.1514   -0.2385    0.2385    0.0000   -0.5079   -0.0000    0.0000    0.0000   -0.1206
   -0.0000    0.0000    0.0000    0.0924    0.0000    0.1523   -0.1407    0.0000   -0.0000
    0.0000    0.0000    0.0000   -0.0924   -0.0000   -0.1407    0.1523   -0.0000    0.0000
   -0.0000    0.0063    0.0063    0.0000    0.0000    0.0000   -0.0000   -0.0774    0.0000
    0.0410   -0.0614    0.0614   -0.0000   -0.1206    0.0000    0.0000   -0.0000   -0.0543
 VECTOR=    0.000000   -2.084200   -2.084200   ICLUS=    1
   -0.0609    0.0000    0.0858    0.0858    0.0000   -0.1514   -0.0000    0.0355   -0.0205
    0.0000   -0.0587   -0.0000    0.0000    0.0924    0.0000    0.0924    0.0000    0.0000
   -0.0858    0.0000    0.1209    0.1301   -0.0000   -0.2385   -0.0000    0.0564   -0.0253
   -0.0858   -0.0000    0.1301    0.1209    0.0000   -0.2385   -0.0000    0.0501   -0.0362
    0.0000   -0.0924   -0.0000    0.0000    0.1523   -0.0000    0.1407   -0.0000    0.0000
   -0.1514   -0.0000    0.2385    0.2385    0.0000   -0.5079    0.0000    0.1044   -0.0603
    0.0000   -0.0924   -0.0000   -0.0000    0.1407   -0.0000    0.1523    0.0000    0.0000
    0.0355   -0.0000   -0.0564   -0.0501    0.0000    0.1044    0.0000   -0.0601   -0.0100
   -0.0205    0.0000    0.0253    0.0362   -0.0000   -0.0603    0.0000   -0.0100   -0.0717
 VECTOR=    0.000000    2.084200    2.084200   ICLUS=    1
   -0.0609   -0.0000   -0.0858   -0.0858    0.0000   -0.1514    0.0000    0.0355   -0.0205
    0.0000   -0.0587    0.0000    0.0000   -0.0924    0.0000   -0.0924   -0.0000   -0.0000
    0.0858    0.0000    0.1209    0.1301    0.0000    0.2385    0.0000   -0.0564    0.0253
    0.0858   -0.0000    0.1301    0.1209   -0.0000    0.2385   -0.0000   -0.0501    0.0362
   -0.0000    0.0924    0.0000    0.0000    0.1523   -0.0000    0.1407   -0.0000    0.0000
   -0.1514   -0.0000   -0.2385   -0.2385    0.0000   -0.5079    0.0000    0.1044   -0.0603
   -0.0000    0.0924   -0.0000   -0.0000    0.1407    0.0000    0.1523    0.0000    0.0000
    0.0355   -0.0000    0.0564    0.0501    0.0000    0.1044    0.0000   -0.0601   -0.0100
   -0.0205   -0.0000   -0.0253   -0.0362    0.0000   -0.0603   -0.0000   -0.0100   -0.0717
 VECTOR=    2.084200   -2.084200    0.000000   ICLUS=    1
   -0.0609   -0.0858    0.0858    0.0000    0.1514   -0.0000   -0.0000   -0.0000    0.0410
    0.0858    0.1209   -0.1301    0.0000   -0.2385   -0.0000   -0.0000    0.0063   -0.0614
   -0.0858   -0.1301    0.1209    0.0000    0.2385   -0.0000   -0.0000    0.0063    0.0614
   -0.0000    0.0000    0.0000   -0.0587    0.0000    0.0924   -0.0924   -0.0000   -0.0000
    0.1514    0.2385   -0.2385   -0.0000   -0.5079    0.0000   -0.0000   -0.0000   -0.1206
   -0.0000   -0.0000    0.0000   -0.0924   -0.0000    0.1523   -0.1407    0.0000    0.0000
   -0.0000   -0.0000    0.0000    0.0924   -0.0000   -0.1407    0.1523   -0.0000    0.0000
    0.0000   -0.0063   -0.0063    0.0000   -0.0000    0.0000    0.0000   -0.0774    0.0000
    0.0410    0.0614   -0.0614    0.0000   -0.1206   -0.0000   -0.0000    0.0000   -0.0543
 VECTOR=    2.084200    0.000000    2.084200   ICLUS=    1
   -0.0609   -0.0858    0.0000   -0.0858    0.0000   -0.0000   -0.1514   -0.0355   -0.0205
    0.0858    0.1209    0.0000    0.1301    0.0000    0.0000    0.2385    0.0564    0.0253
    0.0000   -0.0000   -0.0587   -0.0000   -0.0924   -0.0924    0.0000    0.0000    0.0000
    0.0858    0.1301    0.0000    0.1209   -0.0000    0.0000    0.2385    0.0501    0.0362
    0.0000   -0.0000    0.0924    0.0000    0.1523    0.1407   -0.0000    0.0000   -0.0000
   -0.0000   -0.0000    0.0924   -0.0000    0.1407    0.1523   -0.0000    0.0000   -0.0000
   -0.1514   -0.2385    0.0000   -0.2385   -0.0000   -0.0000   -0.5079   -0.1044   -0.0603
   -0.0355   -0.0564   -0.0000   -0.0501   -0.0000   -0.0000   -0.1044   -0.0601    0.0100
   -0.0205   -0.0253   -0.0000   -0.0362    0.0000    0.0000   -0.0603    0.0100   -0.0717
 VECTOR=    0.000000    2.084200   -2.084200   ICLUS=    1
   -0.0609    0.0000   -0.0858    0.0858    0.0000    0.1514   -0.0000    0.0355   -0.0205
   -0.0000   -0.0587    0.0000   -0.0000   -0.0924   -0.0000    0.0924    0.0000    0.0000
    0.0858    0.0000    0.1209   -0.1301    0.0000   -0.2385    0.0000   -0.0564    0.0253
   -0.0858   -0.0000   -0.1301    0.1209    0.0000    0.2385   -0.0000    0.0501   -0.0362
   -0.0000    0.0924    0.0000   -0.0000    0.1523    0.0000   -0.1407    0.0000    0.0000
    0.1514    0.0000    0.2385   -0.2385    0.0000   -0.5079   -0.0000   -0.1044    0.0603
    0.0000   -0.0924   -0.0000    0.0000   -0.1407    0.0000    0.1523    0.0000   -0.0000
    0.0355    0.0000    0.0564   -0.0501   -0.0000   -0.1044    0.0000   -0.0601   -0.0100
   -0.0205    0.0000   -0.0253    0.0362    0.0000    0.0603    0.0000   -0.0100   -0.0717
 VECTOR=    2.084200    0.000000   -2.084200   ICLUS=    1
   -0.0609   -0.0858   -0.0000    0.0858    0.0000   -0.0000    0.1514   -0.0355   -0.0205
    0.0858    0.1209    0.0000   -0.1301    0.0000   -0.0000   -0.2385    0.0564    0.0253
   -0.0000    0.0000   -0.0587   -0.0000   -0.0924    0.0924   -0.0000   -0.0000    0.0000
   -0.0858   -0.1301   -0.0000    0.1209    0.0000   -0.0000    0.2385   -0.0501   -0.0362
   -0.0000    0.0000    0.0924   -0.0000    0.1523   -0.1407    0.0000   -0.0000    0.0000
    0.0000   -0.0000   -0.0924    0.0000   -0.1407    0.1523   -0.0000    0.0000    0.0000
    0.1514    0.2385    0.0000   -0.2385    0.0000   -0.0000   -0.5079    0.1044    0.0603
   -0.0355   -0.0564    0.0000    0.0501   -0.0000    0.0000    0.1044   -0.0601    0.0100
   -0.0205   -0.0253   -0.0000    0.0362   -0.0000    0.0000    0.0603    0.0100   -0.0717
 VECTOR=    2.084200    2.084200    0.000000   ICLUS=    1
   -0.0609   -0.0858   -0.0858    0.0000   -0.1514    0.0000   -0.0000    0.0000    0.0410
    0.0858    0.1209    0.1301    0.0000    0.2385   -0.0000    0.0000    0.0063   -0.0614
    0.0858    0.1301    0.1209    0.0000    0.2385    0.0000   -0.0000   -0.0063   -0.0614
    0.0000   -0.0000    0.0000   -0.0587   -0.0000   -0.0924   -0.0924   -0.0000   -0.0000
   -0.1514   -0.2385   -0.2385    0.0000   -0.5079    0.0000   -0.0000    0.0000    0.1206
   -0.0000   -0.0000    0.0000    0.0924   -0.0000    0.1523    0.1407   -0.0000    0.0000
    0.0000   -0.0000   -0.0000    0.0924    0.0000    0.1407    0.1523   -0.0000   -0.0000
   -0.0000   -0.0063    0.0063   -0.0000   -0.0000   -0.0000   -0.0000   -0.0774    0.0000
    0.0410    0.0614    0.0614   -0.0000    0.1206    0.0000    0.0000    0.0000   -0.0543
 VECTOR=   -2.084200    0.000000    0.000000   ICLUS=    1
   -0.9569    1.8387    0.0000   -0.0000   -0.0000   -0.0000    0.0000   -1.8193    1.0504
   -1.8387    3.6245    0.0000    0.0000    0.0000    0.0000   -0.0000   -3.8187    2.2047
   -0.0000    0.0000   -0.7626   -0.0000    1.6101   -0.0000    0.0000    0.0000    0.0000
   -0.0000    0.0000   -0.0000   -0.7626   -0.0000   -0.0000    1.6101   -0.0000   -0.0000
   -0.0000   -0.0000   -1.6101   -0.0000    3.5110    0.0000   -0.0000    0.0000    0.0000
   -0.0000   -0.0000   -0.0000   -0.0000    0.0000   -0.6547    0.0000   -0.0000   -0.0000
   -0.0000   -0.0000   -0.0000   -1.6101   -0.0000   -0.0000    3.5110   -0.0000    0.0000
   -1.8193    3.8187    0.0000    0.0000    0.0000   -0.0000    0.0000   -4.7249    2.4844
    1.0504   -2.2047    0.0000   -0.0000   -0.0000   -0.0000    0.0000    2.4844   -1.8562
 VECTOR=    0.000000   -2.084200    0.000000   ICLUS=    1
   -0.9569   -0.0000    1.8387   -0.0000    0.0000   -0.0000   -0.0000    1.8193    1.0504
   -0.0000   -0.7626    0.0000    0.0000    1.6101    0.0000    0.0000    0.0000    0.0000
   -1.8387   -0.0000    3.6245    0.0000    0.0000   -0.0000    0.0000    3.8187    2.2047
    0.0000    0.0000    0.0000   -0.7626    0.0000    1.6101   -0.0000   -0.0000    0.0000
    0.0000   -1.6101   -0.0000    0.0000    3.5110   -0.0000    0.0000    0.0000   -0.0000
    0.0000    0.0000    0.0000   -1.6101    0.0000    3.5110   -0.0000    0.0000    0.0000
   -0.0000   -0.0000    0.0000   -0.0000   -0.0000   -0.0000   -0.6547   -0.0000   -0.0000
    1.8193    0.0000   -3.8187   -0.0000    0.0000    0.0000   -0.0000   -4.7249   -2.4844
    1.0504   -0.0000   -2.2047    0.0000   -0.0000    0.0000   -0.0000   -2.4844   -1.8562
 VECTOR=    0.000000    0.000000    2.084200   ICLUS=    1
   -0.9569   -0.0000    0.0000   -1.8387    0.0000    0.0000   -0.0000   -0.0000   -2.1008
    0.0000   -0.7626   -0.0000    0.0000   -0.0000    0.0000   -1.6101    0.0000    0.0000
   -0.0000    0.0000   -0.7626   -0.0000    0.0000   -1.6101    0.0000   -0.0000   -0.0000
    1.8387    0.0000    0.0000    3.6245    0.0000    0.0000   -0.0000   -0.0000    4.4095
    0.0000    0.0000   -0.0000    0.0000   -0.6547    0.0000    0.0000    0.0000    0.0000
    0.0000   -0.0000    1.6101   -0.0000   -0.0000    3.5110   -0.0000   -0.0000   -0.0000
   -0.0000    1.6101    0.0000    0.0000    0.0000    0.0000    3.5110   -0.0000    0.0000
   -0.0000   -0.0000   -0.0000   -0.0000    0.0000    0.0000    0.0000   -0.4218    0.0000
   -2.1008    0.0000   -0.0000   -4.4095    0.0000    0.0000   -0.0000    0.0000   -6.1592
 VECTOR=    0.000000    0.000000   -2.084200   ICLUS=    1
   -0.9569   -0.0000    0.0000    1.8387   -0.0000    0.0000    0.0000    0.0000   -2.1008
    0.0000   -0.7626   -0.0000   -0.0000   -0.0000    0.0000    1.6101    0.0000   -0.0000
   -0.0000    0.0000   -0.7626   -0.0000    0.0000    1.6101    0.0000    0.0000    0.0000
   -1.8387    0.0000   -0.0000    3.6245   -0.0000   -0.0000    0.0000    0.0000   -4.4095
   -0.0000   -0.0000    0.0000   -0.0000   -0.6547    0.0000   -0.0000   -0.0000   -0.0000
   -0.0000   -0.0000   -1.6101   -0.0000   -0.0000    3.5110   -0.0000    0.0000    0.0000
    0.0000   -1.6101    0.0000   -0.0000    0.0000   -0.0000    3.5110   -0.0000    0.0000
   -0.0000    0.0000    0.0000    0.0000    0.0000   -0.0000    0.0000   -0.4218    0.0000
   -2.1008    0.0000   -0.0000    4.4095    0.0000   -0.0000   -0.0000   -0.0000   -6.1592
 VECTOR=    0.000000    2.084200    0.000000   ICLUS=    1
   -0.9569    0.0000   -1.8387   -0.0000   -0.0000    0.0000    0.0000    1.8193    1.0504
   -0.0000   -0.7626   -0.0000    0.0000   -1.6101   -0.0000   -0.0000   -0.0000    0.0000
    1.8387   -0.0000    3.6245   -0.0000    0.0000   -0.0000    0.0000   -3.8187   -2.2047
   -0.0000    0.0000    0.0000   -0.7626   -0.0000   -1.6101   -0.0000   -0.0000    0.0000
    0.0000    1.6101   -0.0000    0.0000    3.5110    0.0000   -0.0000    0.0000   -0.0000
    0.0000    0.0000    0.0000    1.6101   -0.0000    3.5110   -0.0000   -0.0000    0.0000
    0.0000    0.0000   -0.0000    0.0000    0.0000   -0.0000   -0.6547    0.0000   -0.0000
    1.8193    0.0000    3.8187    0.0000   -0.0000   -0.0000    0.0000   -4.7249   -2.4844
    1.0504   -0.0000    2.2047    0.0000    0.0000   -0.0000   -0.0000   -2.4844   -1.8562
 VECTOR=    2.084200    0.000000    0.000000   ICLUS=    1
   -0.9569   -1.8387    0.0000   -0.0000   -0.0000    0.0000   -0.0000   -1.8193    1.0504
    1.8387    3.6245   -0.0000    0.0000    0.0000   -0.0000   -0.0000    3.8187   -2.2047
   -0.0000   -0.0000   -0.7626   -0.0000   -1.6101   -0.0000    0.0000   -0.0000    0.0000
   -0.0000   -0.0000   -0.0000   -0.7626    0.0000   -0.0000   -1.6101    0.0000    0.0000
    0.0000   -0.0000    1.6101    0.0000    3.5110    0.0000   -0.0000   -0.0000   -0.0000
    0.0000   -0.0000   -0.0000   -0.0000   -0.0000   -0.6547    0.0000   -0.0000    0.0000
    0.0000    0.0000    0.0000    1.6101   -0.0000    0.0000    3.5110    0.0000   -0.0000
   -1.8193   -3.8187   -0.0000    0.0000    0.0000   -0.0000   -0.0000   -4.7249    2.4844
    1.0504    2.2047   -0.0000   -0.0000   -0.0000    0.0000   -0.0000    2.4844   -1.8562
 VECTOR=    0.000000    0.000000    0.000000   ICLUS=    2
    3.7252    0.0000   -0.0000   -0.0000   -0.0000   -0.0000    0.0000    0.0000   -0.0000
   -0.0000    3.7124   -0.0000   -0.0000   -0.0000    0.0000    0.0000    0.0000    0.0000
   -0.0000    0.0000    3.7124    0.0000   -0.0000   -0.0000   -0.0000   -0.0000    0.0000
    0.0000   -0.0000    0.0000    3.7124    0.0000    0.0000   -0.0000   -0.0000    0.0000
   -0.0000    0.0000   -0.0000    0.0000    1.4239   -0.0000    0.0000   -0.0000    0.0000
    0.0000    0.0000    0.0000   -0.0000    0.0000    1.4239   -0.0000    0.0000    0.0000
    0.0000    0.0000    0.0000   -0.0000    0.0000    0.0000    1.4239   -0.0000   -0.0000
    0.0000    0.0000    0.0000   -0.0000   -0.0000    0.0000    0.0000    5.8886   -0.0000
   -0.0000   -0.0000    0.0000   -0.0000   -0.0000   -0.0000   -0.0000    0.0000    5.8886
 VECTOR=   -2.084200    0.000000    0.000000   ICLUS=    2
   -0.9569    1.8387   -0.0000   -0.0000   -0.0000    0.0000   -0.0000   -1.8193    1.0504
   -1.8387    3.6245    0.0000   -0.0000    0.0000    0.0000   -0.0000   -3.8187    2.2047
    0.0000    0.0000   -0.7626   -0.0000    1.6101   -0.0000    0.0000    0.0000    0.0000
    0.0000    0.0000   -0.0000   -0.7626    0.0000    0.0000    1.6101    0.0000    0.0000
   -0.0000   -0.0000   -1.6101    0.0000    3.5110   -0.0000    0.0000    0.0000    0.0000
    0.0000    0.0000    0.0000    0.0000   -0.0000   -0.6547   -0.0000   -0.0000    0.0000
    0.0000   -0.0000    0.0000   -1.6101    0.0000    0.0000    3.5110   -0.0000    0.0000
   -1.8193    3.8187    0.0000   -0.0000    0.0000   -0.0000    0.0000   -4.7249    2.4844
    1.0504   -2.2047   -0.0000   -0.0000   -0.0000   -0.0000   -0.0000    2.4844   -1.8562
 VECTOR=    0.000000   -2.084200    0.000000   ICLUS=    2
   -0.9569   -0.0000    1.8387    0.0000    0.0000   -0.0000   -0.0000    1.8193    1.0504
    0.0000   -0.7626   -0.0000   -0.0000    1.6101   -0.0000    0.0000   -0.0000    0.0000
   -1.8387    0.0000    3.6245   -0.0000   -0.0000    0.0000    0.0000    3.8187    2.2047
    0.0000   -0.0000   -0.0000   -0.7626    0.0000    1.6101    0.0000   -0.0000   -0.0000
    0.0000   -1.6101    0.0000   -0.0000    3.5110    0.0000    0.0000    0.0000   -0.0000
    0.0000   -0.0000   -0.0000   -1.6101    0.0000    3.5110   -0.0000   -0.0000    0.0000
    0.0000    0.0000    0.0000   -0.0000   -0.0000    0.0000   -0.6547   -0.0000    0.0000
    1.8193   -0.0000   -3.8187   -0.0000    0.0000    0.0000    0.0000   -4.7249   -2.4844
    1.0504    0.0000   -2.2047   -0.0000   -0.0000   -0.0000    0.0000   -2.4844   -1.8562
 VECTOR=    0.000000    0.000000    2.084200   ICLUS=    2
   -0.9569   -0.0000   -0.0000   -1.8387    0.0000    0.0000   -0.0000    0.0000   -2.1008
   -0.0000   -0.7626    0.0000   -0.0000    0.0000   -0.0000   -1.6101    0.0000   -0.0000
   -0.0000    0.0000   -0.7626    0.0000   -0.0000   -1.6101   -0.0000    0.0000   -0.0000
    1.8387   -0.0000    0.0000    3.6245    0.0000    0.0000    0.0000   -0.0000    4.4095
   -0.0000    0.0000    0.0000   -0.0000   -0.6547    0.0000    0.0000    0.0000    0.0000
    0.0000    0.0000    1.6101   -0.0000   -0.0000    3.5110   -0.0000   -0.0000   -0.0000
   -0.0000    1.6101    0.0000    0.0000    0.0000   -0.0000    3.5110    0.0000    0.0000
   -0.0000   -0.0000   -0.0000   -0.0000    0.0000   -0.0000   -0.0000   -0.4218    0.0000
   -2.1008   -0.0000    0.0000   -4.4095   -0.0000   -0.0000    0.0000   -0.0000   -6.1592
 VECTOR=    0.000000    0.000000   -2.084200   ICLUS=    2
   -0.9569   -0.0000   -0.0000    1.8387    0.0000   -0.0000    0.0000   -0.0000   -2.1008
    0.0000   -0.7626   -0.0000    0.0000   -0.0000    0.0000    1.6101    0.0000    0.0000
   -0.0000   -0.0000   -0.7626    0.0000   -0.0000    1.6101   -0.0000   -0.0000    0.0000
   -1.8387    0.0000    0.0000    3.6245   -0.0000    0.0000   -0.0000   -0.0000   -4.4095
    0.0000    0.0000   -0.0000    0.0000   -0.6547    0.0000    0.0000   -0.0000    0.0000
   -0.0000   -0.0000   -1.6101    0.0000   -0.0000    3.5110    0.0000    0.0000    0.0000
   -0.0000   -1.6101   -0.0000    0.0000   -0.0000    0.0000    3.5110    0.0000   -0.0000
   -0.0000   -0.0000   -0.0000    0.0000   -0.0000    0.0000    0.0000   -0.4218   -0.0000
   -2.1008   -0.0000    0.0000    4.4095    0.0000    0.0000   -0.0000    0.0000   -6.1592
 VECTOR=    0.000000    2.084200    0.000000   ICLUS=    2
   -0.9569   -0.0000   -1.8387   -0.0000   -0.0000   -0.0000   -0.0000    1.8193    1.0504
   -0.0000   -0.7626   -0.0000    0.0000   -1.6101    0.0000    0.0000   -0.0000   -0.0000
    1.8387    0.0000    3.6245    0.0000    0.0000    0.0000    0.0000   -3.8187   -2.2047
   -0.0000    0.0000    0.0000   -0.7626    0.0000   -1.6101   -0.0000    0.0000   -0.0000
   -0.0000    1.6101   -0.0000    0.0000    3.5110   -0.0000   -0.0000   -0.0000    0.0000
    0.0000   -0.0000   -0.0000    1.6101    0.0000    3.5110    0.0000   -0.0000    0.0000
   -0.0000   -0.0000   -0.0000   -0.0000   -0.0000    0.0000   -0.6547    0.0000   -0.0000
    1.8193    0.0000    3.8187   -0.0000   -0.0000    0.0000   -0.0000   -4.7249   -2.4844
    1.0504    0.0000    2.2047   -0.0000    0.0000   -0.0000   -0.0000   -2.4844   -1.8562
 VECTOR=    2.084200    0.000000    0.000000   ICLUS=    2
   -0.9569   -1.8387   -0.0000    0.0000    0.0000   -0.0000   -0.0000   -1.8193    1.0504
    1.8387    3.6245    0.0000    0.0000   -0.0000   -0.0000    0.0000    3.8187   -2.2047
   -0.0000    0.0000   -0.7626    0.0000   -1.6101    0.0000    0.0000    0.0000    0.0000
   -0.0000   -0.0000    0.0000   -0.7626    0.0000   -0.0000   -1.6101    0.0000   -0.0000
    0.0000   -0.0000    1.6101   -0.0000    3.5110   -0.0000   -0.0000    0.0000   -0.0000
   -0.0000    0.0000    0.0000   -0.0000    0.0000   -0.6547    0.0000    0.0000    0.0000
    0.0000    0.0000   -0.0000    1.6101   -0.0000   -0.0000    3.5110    0.0000    0.0000
   -1.8193   -3.8187    0.0000    0.0000    0.0000   -0.0000   -0.0000   -4.7249    2.4844
    1.0504    2.2047   -0.0000   -0.0000    0.0000   -0.0000   -0.0000    2.4844   -1.8562
 VECTOR=   -2.084200   -2.084200    0.000000   ICLUS=    2
   -0.0609    0.0858    0.0858   -0.0000   -0.1514   -0.0000    0.0000    0.0000    0.0410
   -0.0858    0.1209    0.1301   -0.0000   -0.2385   -0.0000   -0.0000   -0.0063    0.0614
   -0.0858    0.1301    0.1209   -0.0000   -0.2385   -0.0000    0.0000    0.0063    0.0614
   -0.0000    0.0000    0.0000   -0.0587    0.0000    0.0924    0.0924    0.0000   -0.0000
   -0.1514    0.2385    0.2385    0.0000   -0.5079   -0.0000   -0.0000   -0.0000    0.1206
   -0.0000    0.0000    0.0000   -0.0924    0.0000    0.1523    0.1407   -0.0000    0.0000
   -0.0000   -0.0000    0.0000   -0.0924    0.0000    0.1407    0.1523    0.0000   -0.0000
    0.0000    0.0063   -0.0063   -0.0000   -0.0000   -0.0000   -0.0000   -0.0774   -0.0000
    0.0410   -0.0614   -0.0614   -0.0000    0.1206    0.0000   -0.0000   -0.0000   -0.0543
 VECTOR=   -2.084200    0.000000    2.084200   ICLUS=    2
   -0.0609    0.0858    0.0000   -0.0858   -0.0000   -0.0000    0.1514   -0.0355   -0.0205
   -0.0858    0.1209    0.0000   -0.1301    0.0000   -0.0000    0.2385   -0.0564   -0.0253
    0.0000    0.0000   -0.0587    0.0000    0.0924   -0.0924    0.0000   -0.0000    0.0000
    0.0858   -0.1301    0.0000    0.1209    0.0000   -0.0000   -0.2385    0.0501    0.0362
   -0.0000    0.0000   -0.0924    0.0000    0.1523   -0.1407    0.0000   -0.0000    0.0000
   -0.0000   -0.0000    0.0924    0.0000   -0.1407    0.1523   -0.0000    0.0000   -0.0000
    0.1514   -0.2385    0.0000    0.2385   -0.0000    0.0000   -0.5079    0.1044    0.0603
   -0.0355    0.0564    0.0000   -0.0501   -0.0000   -0.0000    0.1044   -0.0601    0.0100
   -0.0205    0.0253   -0.0000   -0.0362   -0.0000   -0.0000    0.0603    0.0100   -0.0717
 VECTOR=    0.000000   -2.084200    2.084200   ICLUS=    2
   -0.0609    0.0000    0.0858   -0.0858   -0.0000    0.1514   -0.0000    0.0355   -0.0205
   -0.0000   -0.0587   -0.0000   -0.0000    0.0924    0.0000   -0.0924   -0.0000   -0.0000
   -0.0858    0.0000    0.1209   -0.1301    0.0000    0.2385   -0.0000    0.0564   -0.0253
    0.0858   -0.0000   -0.1301    0.1209   -0.0000   -0.2385   -0.0000   -0.0501    0.0362
    0.0000   -0.0924    0.0000    0.0000    0.1523   -0.0000   -0.1407    0.0000   -0.0000
    0.1514    0.0000   -0.2385    0.2385    0.0000   -0.5079   -0.0000   -0.1044    0.0603
   -0.0000    0.0924    0.0000    0.0000   -0.1407    0.0000    0.1523   -0.0000   -0.0000
    0.0355   -0.0000   -0.0564    0.0501    0.0000   -0.1044   -0.0000   -0.0601   -0.0100
   -0.0205    0.0000    0.0253   -0.0362   -0.0000    0.0603    0.0000   -0.0100   -0.0717
 VECTOR=   -2.084200    0.000000   -2.084200   ICLUS=    2
   -0.0609    0.0858    0.0000    0.0858    0.0000    0.0000   -0.1514   -0.0355   -0.0205
   -0.0858    0.1209   -0.0000    0.1301   -0.0000   -0.0000   -0.2385   -0.0564   -0.0253
    0.0000    0.0000   -0.0587   -0.0000    0.0924    0.0924    0.0000    0.0000    0.0000
   -0.0858    0.1301   -0.0000    0.1209   -0.0000    0.0000   -0.2385   -0.0501   -0.0362
   -0.0000    0.0000   -0.0924   -0.0000    0.1523    0.1407   -0.0000   -0.0000    0.0000
    0.0000    0.0000   -0.0924   -0.0000    0.1407    0.1523    0.0000    0.0000   -0.0000
   -0.1514    0.2385   -0.0000    0.2385    0.0000    0.0000   -0.5079   -0.1044   -0.0603
   -0.0355    0.0564    0.0000    0.0501   -0.0000   -0.0000   -0.1044   -0.0601    0.0100
   -0.0205    0.0253   -0.0000    0.0362   -0.0000    0.0000   -0.0603    0.0100   -0.0717
 VECTOR=   -2.084200    2.084200    0.000000   ICLUS=    2
   -0.0609    0.0858   -0.0858    0.0000    0.1514   -0.0000    0.0000   -0.0000    0.0410
   -0.0858    0.1209   -0.1301    0.0000    0.2385   -0.0000    0.0000   -0.0063    0.0614
    0.0858   -0.1301    0.1209    0.0000   -0.2385    0.0000   -0.0000   -0.0063   -0.0614
    0.0000    0.0000   -0.0000   -0.0587    0.0000   -0.0924    0.0924   -0.0000    0.0000
    0.1514   -0.2385    0.2385   -0.0000   -0.5079   -0.0000    0.0000   -0.0000   -0.1206
   -0.0000   -0.0000    0.0000    0.0924    0.0000    0.1523   -0.1407   -0.0000   -0.0000
    0.0000   -0.0000    0.0000   -0.0924    0.0000   -0.1407    0.1523    0.0000   -0.0000
   -0.0000    0.0063    0.0063    0.0000   -0.0000    0.0000    0.0000   -0.0774    0.0000
    0.0410   -0.0614    0.0614    0.0000   -0.1206    0.0000   -0.0000    0.0000   -0.0543
 VECTOR=    0.000000   -2.084200   -2.084200   ICLUS=    2
   -0.0609   -0.0000    0.0858    0.0858    0.0000   -0.1514    0.0000    0.0355   -0.0205
    0.0000   -0.0587    0.0000    0.0000    0.0924    0.0000    0.0924    0.0000   -0.0000
   -0.0858    0.0000    0.1209    0.1301   -0.0000   -0.2385    0.0000    0.0564   -0.0253
   -0.0858    0.0000    0.1301    0.1209    0.0000   -0.2385    0.0000    0.0501   -0.0362
    0.0000   -0.0924   -0.0000   -0.0000    0.1523    0.0000    0.1407    0.0000    0.0000
   -0.1514   -0.0000    0.2385    0.2385   -0.0000   -0.5079    0.0000    0.1044   -0.0603
   -0.0000   -0.0924   -0.0000   -0.0000    0.1407   -0.0000    0.1523   -0.0000    0.0000
    0.0355   -0.0000   -0.0564   -0.0501    0.0000    0.1044   -0.0000   -0.0601   -0.0100
   -0.0205   -0.0000    0.0253    0.0362    0.0000   -0.0603    0.0000   -0.0100   -0.0717
 VECTOR=    0.000000    2.084200    2.084200   ICLUS=    2
   -0.0609   -0.0000   -0.0858   -0.0858   -0.0000   -0.1514    0.0000    0.0355   -0.0205
   -0.0000   -0.0587    0.0000   -0.0000   -0.0924    0.0000   -0.0924    0.0000    0.0000
    0.0858   -0.0000    0.1209    0.1301   -0.0000    0.2385   -0.0000   -0.0564    0.0253
    0.0858   -0.0000    0.1301    0.1209   -0.0000    0.2385   -0.0000   -0.0501    0.0362
   -0.0000    0.0924   -0.0000    0.0000    0.1523   -0.0000    0.1407    0.0000    0.0000
   -0.1514    0.0000   -0.2385   -0.2385    0.0000   -0.5079   -0.0000    0.1044   -0.0603
    0.0000    0.0924    0.0000   -0.0000    0.1407   -0.0000    0.1523    0.0000   -0.0000
    0.0355   -0.0000    0.0564    0.0501   -0.0000    0.1044    0.0000   -0.0601   -0.0100
   -0.0205   -0.0000   -0.0253   -0.0362    0.0000   -0.0603    0.0000   -0.0100   -0.0717
 VECTOR=    2.084200   -2.084200    0.000000   ICLUS=    2
   -0.0609   -0.0858    0.0858    0.0000    0.1514   -0.0000   -0.0000    0.0000    0.0410
    0.0858    0.1209   -0.1301    0.0000   -0.2385    0.0000    0.0000    0.0063   -0.0614
   -0.0858   -0.1301    0.1209    0.0000    0.2385    0.0000    0.0000    0.0063    0.0614
   -0.0000   -0.0000   -0.0000   -0.0587    0.0000    0.0924   -0.0924   -0.0000    0.0000
    0.1514    0.2385   -0.2385   -0.0000   -0.5079    0.0000   -0.0000    0.0000   -0.1206
   -0.0000   -0.0000    0.0000   -0.0924    0.0000    0.1523   -0.1407    0.0000   -0.0000
    0.0000    0.0000    0.0000    0.0924   -0.0000   -0.1407    0.1523    0.0000    0.0000
   -0.0000   -0.0063   -0.0063    0.0000   -0.0000   -0.0000    0.0000   -0.0774   -0.0000
    0.0410    0.0614   -0.0614    0.0000   -0.1206    0.0000   -0.0000   -0.0000   -0.0543
 VECTOR=    2.084200    0.000000    2.084200   ICLUS=    2
   -0.0609   -0.0858   -0.0000   -0.0858   -0.0000    0.0000   -0.1514   -0.0355   -0.0205
    0.0858    0.1209   -0.0000    0.1301   -0.0000   -0.0000    0.2385    0.0564    0.0253
   -0.0000    0.0000   -0.0587   -0.0000   -0.0924   -0.0924   -0.0000    0.0000    0.0000
    0.0858    0.1301   -0.0000    0.1209    0.0000   -0.0000    0.2385    0.0501    0.0362
    0.0000   -0.0000    0.0924   -0.0000    0.1523    0.1407    0.0000   -0.0000    0.0000
    0.0000    0.0000    0.0924   -0.0000    0.1407    0.1523    0.0000    0.0000    0.0000
   -0.1514   -0.2385    0.0000   -0.2385   -0.0000    0.0000   -0.5079   -0.1044   -0.0603
   -0.0355   -0.0564    0.0000   -0.0501    0.0000   -0.0000   -0.1044   -0.0601    0.0100
   -0.0205   -0.0253   -0.0000   -0.0362   -0.0000   -0.0000   -0.0603    0.0100   -0.0717
 VECTOR=    0.000000    2.084200   -2.084200   ICLUS=    2
   -0.0609   -0.0000   -0.0858    0.0858    0.0000    0.1514   -0.0000    0.0355   -0.0205
    0.0000   -0.0587   -0.0000    0.0000   -0.0924   -0.0000    0.0924   -0.0000    0.0000
    0.0858   -0.0000    0.1209   -0.1301    0.0000   -0.2385   -0.0000   -0.0564    0.0253
   -0.0858    0.0000   -0.1301    0.1209    0.0000    0.2385    0.0000    0.0501   -0.0362
   -0.0000    0.0924   -0.0000    0.0000    0.1523   -0.0000   -0.1407    0.0000   -0.0000
    0.1514   -0.0000    0.2385   -0.2385    0.0000   -0.5079    0.0000   -0.1044    0.0603
   -0.0000   -0.0924    0.0000    0.0000   -0.1407   -0.0000    0.1523   -0.0000    0.0000
    0.0355   -0.0000    0.0564   -0.0501    0.0000   -0.1044   -0.0000   -0.0601   -0.0100
   -0.0205   -0.0000   -0.0253    0.0362    0.0000    0.0603    0.0000   -0.0100   -0.0717
 VECTOR=    2.084200    0.000000   -2.084200   ICLUS=    2
   -0.0609   -0.0858    0.0000    0.0858    0.0000   -0.0000    0.1514   -0.0355   -0.0205
    0.0858    0.1209   -0.0000   -0.1301    0.0000    0.0000   -0.2385    0.0564    0.0253
    0.0000   -0.0000   -0.0587    0.0000   -0.0924    0.0924   -0.0000   -0.0000    0.0000
   -0.0858   -0.1301   -0.0000    0.1209   -0.0000    0.0000    0.2385   -0.0501   -0.0362
    0.0000   -0.0000    0.0924   -0.0000    0.1523   -0.1407   -0.0000    0.0000    0.0000
   -0.0000   -0.0000   -0.0924    0.0000   -0.1407    0.1523    0.0000   -0.0000    0.0000
    0.1514    0.2385   -0.0000   -0.2385   -0.0000   -0.0000   -0.5079    0.1044    0.0603
   -0.0355   -0.0564    0.0000    0.0501    0.0000   -0.0000    0.1044   -0.0601    0.0100
   -0.0205   -0.0253    0.0000    0.0362   -0.0000    0.0000    0.0603    0.0100   -0.0717
 VECTOR=    2.084200    2.084200    0.000000   ICLUS=    2
   -0.0609   -0.0858   -0.0858   -0.0000   -0.1514    0.0000   -0.0000    0.0000    0.0410
    0.0858    0.1209    0.1301   -0.0000    0.2385    0.0000   -0.0000    0.0063   -0.0614
    0.0858    0.1301    0.1209    0.0000    0.2385    0.0000    0.0000   -0.0063   -0.0614
   -0.0000    0.0000    0.0000   -0.0587   -0.0000   -0.0924   -0.0924    0.0000   -0.0000
   -0.1514   -0.2385   -0.2385   -0.0000   -0.5079   -0.0000   -0.0000   -0.0000    0.1206
   -0.0000    0.0000   -0.0000    0.0924   -0.0000    0.1523    0.1407    0.0000    0.0000
    0.0000    0.0000   -0.0000    0.0924    0.0000    0.1407    0.1523   -0.0000    0.0000
    0.0000   -0.0063    0.0063    0.0000    0.0000   -0.0000    0.0000   -0.0774   -0.0000
    0.0410    0.0614    0.0614   -0.0000    0.1206   -0.0000   -0.0000    0.0000   -0.0543
