 VECTOR=    0.000000    0.000000    0.000000   ICLUS=    1
    3.0927   -0.0000    0.0000   -0.0000    0.0000   -0.0000    0.0000    0.0000   -0.0000
    0.0000    2.7875   -0.0000   -0.0000   -0.0000    0.0000    0.0000    0.0000   -0.0000
   -0.0000   -0.0000    2.7875    0.0000    0.0000   -0.0000    0.0000    0.0000    0.0000
    0.0000    0.0000    0.0000    2.7875   -0.0000    0.0000   -0.0000   -0.0000   -0.0000
   -0.0000   -0.0000   -0.0000   -0.0000    2.7107   -0.0000   -0.0000    0.0000    0.0000
    0.0000    0.0000    0.0000    0.0000   -0.0000    2.7107   -0.0000   -0.0000    0.0000
   -0.0000    0.0000    0.0000    0.0000    0.0000   -0.0000    2.7107    0.0000    0.0000
   -0.0000    0.0000    0.0000   -0.0000    0.0000   -0.0000   -0.0000    1.2989   -0.0000
   -0.0000    0.0000    0.0000    0.0000   -0.0000   -0.0000   -0.0000    0.0000    1.2989
 VECTOR=   -1.430600   -1.430600   -1.430600   ICLUS=    1
   -0.5924    0.6798    0.6798    0.6798   -0.8199   -0.8199   -0.8199    0.0000    0.0000
   -0.6798    0.5479    0.9064    0.9064   -0.8190   -1.2812   -0.8190    0.4766   -0.2752
   -0.6798    0.9064    0.5479    0.9064   -0.8190   -0.8190   -1.2812   -0.4766   -0.2752
   -0.6798    0.9064    0.9064    0.5479   -1.2812   -0.8190   -0.8190    0.0000    0.5503
   -0.8199    0.8190    0.8190    1.2812   -0.9808   -1.4325   -1.4325   -0.0000   -0.7739
   -0.8199    1.2812    0.8190    0.8190   -1.4325   -0.9808   -1.4325   -0.6702    0.3869
   -0.8199    0.8190    1.2812    0.8190   -1.4325   -1.4325   -0.9808    0.6702    0.3869
    0.0000   -0.4766    0.4766   -0.0000   -0.0000   -0.6702    0.6702    1.2168    0.0000
   -0.0000    0.2752    0.2752   -0.5503   -0.7739    0.3869    0.3869    0.0000    1.2168
 VECTOR=    0.000000    0.000000   -2.861200   ICLUS=    1
   -0.2020    0.0000   -0.0000    0.4350   -0.0000   -0.0000    0.0000    0.0000   -0.6036
    0.0000   -0.0495   -0.0000   -0.0000    0.0000   -0.0000    0.1336   -0.0000    0.0000
   -0.0000   -0.0000   -0.0495    0.0000    0.0000    0.1336    0.0000    0.0000   -0.0000
   -0.4350    0.0000   -0.0000    0.9350    0.0000   -0.0000    0.0000    0.0000   -1.2888
   -0.0000   -0.0000    0.0000   -0.0000    0.0148   -0.0000    0.0000    0.0000    0.0000
   -0.0000   -0.0000   -0.1336   -0.0000   -0.0000    0.3637    0.0000    0.0000    0.0000
    0.0000   -0.1336   -0.0000   -0.0000    0.0000    0.0000    0.3637    0.0000    0.0000
    0.0000    0.0000    0.0000   -0.0000   -0.0000   -0.0000   -0.0000   -0.0452   -0.0000
   -0.6036   -0.0000    0.0000    1.2888    0.0000    0.0000    0.0000    0.0000   -1.7554
 VECTOR=    0.000000   -2.861200    0.000000   ICLUS=    1
   -0.2020    0.0000    0.4350   -0.0000   -0.0000    0.0000    0.0000    0.5227    0.3018
    0.0000   -0.0495   -0.0000   -0.0000    0.1336    0.0000    0.0000   -0.0000   -0.0000
   -0.4350    0.0000    0.9350   -0.0000    0.0000    0.0000    0.0000    1.1161    0.6444
   -0.0000   -0.0000    0.0000   -0.0495   -0.0000    0.1336    0.0000    0.0000   -0.0000
    0.0000   -0.1336    0.0000   -0.0000    0.3637    0.0000    0.0000    0.0000   -0.0000
   -0.0000    0.0000   -0.0000   -0.1336   -0.0000    0.3637    0.0000    0.0000    0.0000
   -0.0000    0.0000   -0.0000    0.0000    0.0000    0.0000    0.0148   -0.0000   -0.0000
    0.5227   -0.0000   -1.1161   -0.0000   -0.0000   -0.0000    0.0000   -1.3279   -0.7405
    0.3018   -0.0000   -0.6444    0.0000   -0.0000   -0.0000    0.0000   -0.7405   -0.4728
 VECTOR=    1.430600   -1.430600   -1.430600   ICLUS=    1
   -0.5924   -0.6798    0.6798    0.6798    0.8199   -0.8199    0.8199   -0.0000   -0.0000
    0.6798    0.5479   -0.9064   -0.9064   -0.8190    1.2812   -0.8190   -0.4766    0.2752
   -0.6798   -0.9064    0.5479    0.9064    0.8190   -0.8190    1.2812   -0.4766   -0.2752
   -0.6798   -0.9064    0.9064    0.5479    1.2812   -0.8190    0.8190   -0.0000    0.5503
    0.8199    0.8190   -0.8190   -1.2812   -0.9808    1.4325   -1.4325    0.0000    0.7739
   -0.8199   -1.2812    0.8190    0.8190    1.4325   -0.9808    1.4325   -0.6702    0.3869
    0.8199    0.8190   -1.2812   -0.8190   -1.4325    1.4325   -0.9808   -0.6702   -0.3869
   -0.0000    0.4766    0.4766   -0.0000    0.0000   -0.6702   -0.6702    1.2168   -0.0000
    0.0000   -0.2752    0.2752   -0.5503    0.7739    0.3869   -0.3869   -0.0000    1.2168
 VECTOR=   -2.861200    0.000000    0.000000   ICLUS=    1
   -0.2020    0.4350    0.0000   -0.0000   -0.0000   -0.0000   -0.0000   -0.5227    0.3018
   -0.4350    0.9350   -0.0000   -0.0000    0.0000   -0.0000   -0.0000   -1.1161    0.6444
    0.0000   -0.0000   -0.0495    0.0000    0.1336   -0.0000    0.0000   -0.0000    0.0000
    0.0000   -0.0000    0.0000   -0.0495    0.0000    0.0000    0.1336    0.0000   -0.0000
    0.0000   -0.0000   -0.1336    0.0000    0.3637   -0.0000    0.0000    0.0000    0.0000
   -0.0000    0.0000   -0.0000    0.0000   -0.0000    0.0148    0.0000   -0.0000    0.0000
   -0.0000   -0.0000   -0.0000   -0.1336   -0.0000    0.0000    0.3637   -0.0000    0.0000
   -0.5227    1.1161    0.0000    0.0000    0.0000    0.0000    0.0000   -1.3279    0.7405
    0.3018   -0.6444    0.0000   -0.0000   -0.0000   -0.0000    0.0000    0.7405   -0.4728
 VECTOR=   -1.430600    1.430600   -1.430600   ICLUS=    1
   -0.5924    0.6798   -0.6798    0.6798    0.8199    0.8199   -0.8199   -0.0000    0.0000
   -0.6798    0.5479   -0.9064    0.9064    0.8190    1.2812   -0.8190    0.4766   -0.2752
    0.6798   -0.9064    0.5479   -0.9064   -0.8190   -0.8190    1.2812    0.4766    0.2752
   -0.6798    0.9064   -0.9064    0.5479    1.2812    0.8190   -0.8190   -0.0000    0.5503
    0.8199   -0.8190    0.8190   -1.2812   -0.9808   -1.4325    1.4325    0.0000    0.7739
    0.8199   -1.2812    0.8190   -0.8190   -1.4325   -0.9808    1.4325    0.6702   -0.3869
   -0.8199    0.8190   -1.2812    0.8190    1.4325    1.4325   -0.9808    0.6702    0.3869
    0.0000   -0.4766   -0.4766    0.0000   -0.0000    0.6702    0.6702    1.2168    0.0000
    0.0000    0.2752   -0.2752   -0.5503    0.7739   -0.3869    0.3869   -0.0000    1.2168
 VECTOR=   -1.430600   -1.430600    1.430600   ICLUS=    1
   -0.5924    0.6798    0.6798   -0.6798   -0.8199    0.8199    0.8199   -0.0000    0.0000
   -0.6798    0.5479    0.9064   -0.9064   -0.8190    1.2812    0.8190    0.4766   -0.2752
   -0.6798    0.9064    0.5479   -0.9064   -0.8190    0.8190    1.2812   -0.4766   -0.2752
    0.6798   -0.9064   -0.9064    0.5479    1.2812   -0.8190   -0.8190    0.0000   -0.5503
   -0.8199    0.8190    0.8190   -1.2812   -0.9808    1.4325    1.4325   -0.0000   -0.7739
    0.8199   -1.2812   -0.8190    0.8190    1.4325   -0.9808   -1.4325    0.6702   -0.3869
    0.8199   -0.8190   -1.2812    0.8190    1.4325   -1.4325   -0.9808   -0.6702   -0.3869
    0.0000   -0.4766    0.4766   -0.0000   -0.0000    0.6702   -0.6702    1.2168    0.0000
   -0.0000    0.2752    0.2752    0.5503   -0.7739   -0.3869   -0.3869    0.0000    1.2168
 VECTOR=    1.430600    1.430600   -1.430600   ICLUS=    1
   -0.5924   -0.6798   -0.6798    0.6798   -0.8199    0.8199    0.8199   -0.0000   -0.0000
    0.6798    0.5479    0.9064   -0.9064    0.8190   -1.2812   -0.8190   -0.4766    0.2752
    0.6798    0.9064    0.5479   -0.9064    0.8190   -0.8190   -1.2812    0.4766    0.2752
   -0.6798   -0.9064   -0.9064    0.5479   -1.2812    0.8190    0.8190   -0.0000    0.5503
   -0.8199   -0.8190   -0.8190    1.2812   -0.9808    1.4325    1.4325   -0.0000   -0.7739
    0.8199    1.2812    0.8190   -0.8190    1.4325   -0.9808   -1.4325    0.6702   -0.3869
    0.8199    0.8190    1.2812   -0.8190    1.4325   -1.4325   -0.9808   -0.6702   -0.3869
   -0.0000    0.4766   -0.4766    0.0000   -0.0000    0.6702   -0.6702    1.2168    0.0000
   -0.0000   -0.2752   -0.2752   -0.5503   -0.7739   -0.3869   -0.3869   -0.0000    1.2168
 VECTOR=    1.430600   -1.430600    1.430600   ICLUS=    1
   -0.5924   -0.6798    0.6798   -0.6798    0.8199    0.8199   -0.8199    0.0000    0.0000
    0.6798    0.5479   -0.9064    0.9064   -0.8190   -1.2812    0.8190   -0.4766    0.2752
   -0.6798   -0.9064    0.5479   -0.9064    0.8190    0.8190   -1.2812   -0.4766   -0.2752
    0.6798    0.9064   -0.9064    0.5479   -1.2812   -0.8190    0.8190   -0.0000   -0.5503
    0.8199    0.8190   -0.8190    1.2812   -0.9808   -1.4325    1.4325    0.0000    0.7739
    0.8199    1.2812   -0.8190    0.8190   -1.4325   -0.9808    1.4325    0.6702   -0.3869
   -0.8199   -0.8190    1.2812   -0.8190    1.4325    1.4325   -0.9808    0.6702    0.3869
   -0.0000    0.4766    0.4766    0.0000   -0.0000    0.6702    0.6702    1.2168   -0.0000
    0.0000   -0.2752    0.2752    0.5503    0.7739   -0.3869    0.3869    0.0000    1.2168
 VECTOR=    2.861200    0.000000    0.000000   ICLUS=    1
   -0.2020   -0.4350    0.0000   -0.0000    0.0000    0.0000    0.0000   -0.5227    0.3018
    0.4350    0.9350    0.0000    0.0000   -0.0000   -0.0000   -0.0000    1.1161   -0.6444
   -0.0000   -0.0000   -0.0495    0.0000   -0.1336   -0.0000   -0.0000    0.0000   -0.0000
   -0.0000   -0.0000   -0.0000   -0.0495    0.0000   -0.0000   -0.1336   -0.0000   -0.0000
    0.0000    0.0000    0.1336    0.0000    0.3637    0.0000    0.0000   -0.0000    0.0000
   -0.0000   -0.0000   -0.0000    0.0000    0.0000    0.0148   -0.0000    0.0000    0.0000
    0.0000   -0.0000    0.0000    0.1336   -0.0000    0.0000    0.3637    0.0000    0.0000
   -0.5227   -1.1161   -0.0000   -0.0000    0.0000    0.0000   -0.0000   -1.3279    0.7405
    0.3018    0.6444   -0.0000    0.0000   -0.0000   -0.0000    0.0000    0.7405   -0.4728
 VECTOR=   -1.430600    1.430600    1.430600   ICLUS=    1
   -0.5924    0.6798   -0.6798   -0.6798    0.8199   -0.8199    0.8199    0.0000   -0.0000
   -0.6798    0.5479   -0.9064   -0.9064    0.8190   -1.2812    0.8190    0.4766   -0.2752
    0.6798   -0.9064    0.5479    0.9064   -0.8190    0.8190   -1.2812    0.4766    0.2752
    0.6798   -0.9064    0.9064    0.5479   -1.2812    0.8190   -0.8190   -0.0000   -0.5503
    0.8199   -0.8190    0.8190    1.2812   -0.9808    1.4325   -1.4325    0.0000    0.7739
   -0.8199    1.2812   -0.8190   -0.8190    1.4325   -0.9808    1.4325   -0.6702    0.3869
    0.8199   -0.8190    1.2812    0.8190   -1.4325    1.4325   -0.9808   -0.6702   -0.3869
    0.0000   -0.4766   -0.4766    0.0000   -0.0000   -0.6702   -0.6702    1.2168    0.0000
    0.0000    0.2752   -0.2752    0.5503    0.7739    0.3869   -0.3869    0.0000    1.2168
 VECTOR=    0.000000    2.861200    0.000000   ICLUS=    1
   -0.2020    0.0000   -0.4350   -0.0000    0.0000   -0.0000    0.0000    0.5227    0.3018
    0.0000   -0.0495   -0.0000    0.0000   -0.1336    0.0000   -0.0000    0.0000   -0.0000
    0.4350    0.0000    0.9350    0.0000   -0.0000    0.0000   -0.0000   -1.1161   -0.6444
   -0.0000    0.0000   -0.0000   -0.0495   -0.0000   -0.1336   -0.0000   -0.0000   -0.0000
    0.0000    0.1336    0.0000    0.0000    0.3637    0.0000   -0.0000   -0.0000    0.0000
   -0.0000   -0.0000   -0.0000    0.1336    0.0000    0.3637    0.0000    0.0000   -0.0000
   -0.0000    0.0000    0.0000   -0.0000    0.0000    0.0000    0.0148    0.0000   -0.0000
    0.5227    0.0000    1.1161   -0.0000    0.0000   -0.0000   -0.0000   -1.3279   -0.7405
    0.3018   -0.0000    0.6444    0.0000   -0.0000   -0.0000   -0.0000   -0.7405   -0.4728
 VECTOR=    0.000000    0.000000    2.861200   ICLUS=    1
   -0.2020   -0.0000   -0.0000   -0.4350   -0.0000   -0.0000    0.0000   -0.0000   -0.6036
   -0.0000   -0.0495   -0.0000   -0.0000   -0.0000   -0.0000   -0.1336   -0.0000    0.0000
    0.0000   -0.0000   -0.0495   -0.0000    0.0000   -0.1336   -0.0000   -0.0000    0.0000
    0.4350    0.0000   -0.0000    0.9350    0.0000   -0.0000   -0.0000    0.0000    1.2888
   -0.0000    0.0000   -0.0000   -0.0000    0.0148    0.0000    0.0000    0.0000   -0.0000
    0.0000    0.0000    0.1336   -0.0000    0.0000    0.3637   -0.0000    0.0000   -0.0000
   -0.0000    0.1336    0.0000    0.0000    0.0000   -0.0000    0.3637   -0.0000    0.0000
   -0.0000   -0.0000   -0.0000   -0.0000   -0.0000   -0.0000    0.0000   -0.0452   -0.0000
   -0.6036    0.0000   -0.0000   -1.2888    0.0000    0.0000    0.0000    0.0000   -1.7554
 VECTOR=    1.430600    1.430600    1.430600   ICLUS=    1
   -0.5924   -0.6798   -0.6798   -0.6798   -0.8199   -0.8199   -0.8199   -0.0000   -0.0000
