 VECTOR=    0.000000    0.000000    0.000000   ICLUS=   20
    3.0572   -0.0000   -0.0000    0.0000    0.0000    0.0000   -0.0000   -0.0000    0.0146
   -0.0000    2.7306    0.0000    0.0000    0.1907    0.0000    0.0000    0.0000    0.0000
   -0.0000   -0.0000    2.7306   -0.0000   -0.0000    0.0000   -0.0000    0.1907   -0.0000
    0.0000    0.0000   -0.0000    2.7534   -0.0000   -0.0000   -0.0000   -0.0000    0.0000
    0.0000    0.1907    0.0000    0.0000    2.1219    0.0000    0.0000    0.0000    0.0000
   -0.0000   -0.0000    0.0000   -0.0000    0.0000    1.9208   -0.0000    0.0000   -0.0000
    0.0000    0.0000   -0.0000   -0.0000    0.0000    0.0000    1.9208    0.0000   -0.0000
   -0.0000   -0.0000    0.1907   -0.0000   -0.0000    0.0000    0.0000    2.1219   -0.0000
    0.0146    0.0000   -0.0000    0.0000   -0.0000   -0.0000   -0.0000   -0.0000    2.3656
 VECTOR=    0.000000   -1.427210    2.010572   ICLUS=   20
   -0.4882   -0.0000    0.5722   -0.8053    0.0000    1.0324   -0.0000    0.3053   -0.5936
   -0.0000   -0.3144   -0.0000    0.0000    0.4030    0.0000   -0.5683    0.0000    0.0000
   -0.5722    0.0000    0.5363   -1.0482   -0.0000    1.0860   -0.0000    0.1817   -1.0686
    0.8053    0.0000   -1.0482    1.2659   -0.0000   -1.8262   -0.0000   -0.6844    0.7599
   -0.0000   -0.4030   -0.0000    0.0000    0.4839   -0.0000   -0.7661    0.0000   -0.0000
    1.0324   -0.0000   -1.0860    1.8262    0.0000   -2.1657    0.0000   -0.4952    1.6797
    0.0000    0.5683    0.0000   -0.0000   -0.7661   -0.0000    1.0201    0.0000    0.0000
    0.3053   -0.0000   -0.1817    0.6844    0.0000   -0.4952    0.0000   -0.1146    1.0177
   -0.5936   -0.0000    1.0686   -0.7599    0.0000    1.6797    0.0000    1.0177    0.0331
 VECTOR=   -1.236000    0.713605    2.010572   ICLUS=   20
   -0.4882    0.4956   -0.2861   -0.8053    0.2644   -0.5162    0.8941   -0.1526   -0.5936
   -0.4956    0.3236   -0.3684   -0.9078    0.2370   -0.7163    0.6724    0.0959   -0.9254
    0.2861   -0.3684   -0.1017    0.5241    0.0959   -0.1547   -0.7163    0.3477    0.5343
    0.8053   -0.9078    0.5241    1.2659   -0.5927    0.9131   -1.5815    0.3422    0.7599
    0.2644   -0.2370   -0.0959    0.5927    0.0351   -0.1173   -0.5630    0.2592    0.8813
   -0.5162    0.7163    0.1547   -0.9131   -0.1173    0.2237    1.3795   -0.6984   -0.8399
    0.8941   -0.6724    0.7163    1.5815   -0.5630    1.3795   -1.3692   -0.1173    1.4547
   -0.1526   -0.0959   -0.3477   -0.3422    0.2592   -0.6984   -0.1173    0.3343   -0.5088
   -0.5936    0.9254   -0.5343   -0.7599    0.8813   -0.8399    1.4547   -0.5088    0.0331
 VECTOR=    1.236000    0.713605    2.010572   ICLUS=   20
   -0.4882   -0.4956   -0.2861   -0.8053   -0.2644   -0.5162   -0.8941   -0.1526   -0.5936
    0.4956    0.3236    0.3684    0.9078    0.2370    0.7163    0.6724   -0.0959    0.9254
    0.2861    0.3684   -0.1017    0.5241   -0.0959   -0.1547    0.7163    0.3477    0.5343
    0.8053    0.9078    0.5241    1.2659    0.5927    0.9131    1.5815    0.3422    0.7599
   -0.2644   -0.2370    0.0959   -0.5927    0.0351    0.1173   -0.5630   -0.2592   -0.8813
   -0.5162   -0.7163    0.1547   -0.9131    0.1173    0.2237   -1.3795   -0.6984   -0.8399
   -0.8941   -0.6724   -0.7163   -1.5815   -0.5630   -1.3795   -1.3692    0.1173   -1.4547
   -0.1526    0.0959   -0.3477   -0.3422   -0.2592   -0.6984    0.1173    0.3343   -0.5088
   -0.5936   -0.9254   -0.5343   -0.7599   -0.8813   -0.8399   -1.4547   -0.5088    0.0331
 VECTOR=   -1.236000    2.140815    0.000000   ICLUS=   20
   -0.4815    0.4561   -0.8623    0.0000    0.8906    0.0000   -0.0000    0.5784    0.5907
   -0.5188    0.3164   -1.0138    0.0000    0.7008    0.0000   -0.0000    1.0213    0.6020
    0.8262   -0.9119    1.4282   -0.0000   -1.7379   -0.0000    0.0000   -0.7473   -1.0740
    0.0000   -0.0000    0.0000   -0.2718   -0.0000   -0.5818    0.2413   -0.0000    0.0000
    0.9463   -0.6956    1.8275   -0.0000   -1.5370   -0.0000    0.0000   -1.7132   -1.1910
   -0.0000    0.0000   -0.0000    0.4999    0.0000    1.0354   -0.5646   -0.0000   -0.0000
    0.0000   -0.0000    0.0000   -0.3833   -0.0000   -0.8377    0.2258   -0.0000    0.0000
    0.4821   -0.9317    0.6491   -0.0000   -1.6349   -0.0000    0.0000    0.3961   -0.7260
    0.5907   -0.6291    1.0583    0.0000   -1.2242    0.0000   -0.0000   -0.6684   -0.8717
 VECTOR=   -1.236000   -2.140815    0.000000   ICLUS=   20
   -0.4815    0.5188    0.8262    0.0000   -0.9463   -0.0000   -0.0000    0.4821    0.5907
   -0.4561    0.3164    0.9119    0.0000   -0.6956   -0.0000   -0.0000    0.9317    0.6291
   -0.8623    1.0138    1.4282    0.0000   -1.8275   -0.0000   -0.0000    0.6491    1.0583
    0.0000   -0.0000   -0.0000   -0.2718    0.0000    0.4999    0.3833   -0.0000    0.0000
   -0.8906    0.7008    1.7379    0.0000   -1.5370   -0.0000   -0.0000    1.6349    1.2242
    0.0000   -0.0000   -0.0000   -0.5818    0.0000    1.0354    0.8377   -0.0000    0.0000
    0.0000   -0.0000   -0.0000   -0.2413    0.0000    0.5646    0.2258   -0.0000    0.0000
    0.5784   -1.0213   -0.7473   -0.0000    1.7132   -0.0000    0.0000    0.3961   -0.6684
    0.5907   -0.6020   -1.0740    0.0000    1.1910   -0.0000   -0.0000   -0.7260   -0.8717
 VECTOR=    1.236000    2.140815    0.000000   ICLUS=   20
   -0.4815   -0.4561   -0.8623    0.0000   -0.8906    0.0000    0.0000    0.5784    0.5907
    0.5188    0.3164    1.0138   -0.0000    0.7008   -0.0000   -0.0000   -1.0213   -0.6020
    0.8262    0.9119    1.4282   -0.0000    1.7379   -0.0000   -0.0000   -0.7473   -1.0740
    0.0000    0.0000    0.0000   -0.2718    0.0000   -0.5818   -0.2413   -0.0000    0.0000
   -0.9463   -0.6956   -1.8275    0.0000   -1.5370    0.0000    0.0000    1.7132    1.1910
   -0.0000   -0.0000   -0.0000    0.4999   -0.0000    1.0354    0.5646   -0.0000   -0.0000
   -0.0000   -0.0000   -0.0000    0.3833   -0.0000    0.8377    0.2258    0.0000   -0.0000
    0.4821    0.9317    0.6491   -0.0000    1.6349   -0.0000   -0.0000    0.3961   -0.7260
    0.5907    0.6291    1.0583    0.0000    1.2242    0.0000    0.0000   -0.6684   -0.8717
 VECTOR=    1.236000   -2.140815    0.000000   ICLUS=   20
   -0.4815   -0.5188    0.8262    0.0000    0.9463   -0.0000    0.0000    0.4821    0.5907
    0.4561    0.3164   -0.9119   -0.0000   -0.6956    0.0000   -0.0000   -0.9317   -0.6291
   -0.8623   -1.0138    1.4282    0.0000    1.8275   -0.0000    0.0000    0.6491    1.0583
    0.0000    0.0000   -0.0000   -0.2718   -0.0000    0.4999   -0.3833   -0.0000    0.0000
    0.8906    0.7008   -1.7379   -0.0000   -1.5370    0.0000   -0.0000   -1.6349   -1.2242
    0.0000    0.0000   -0.0000   -0.5818   -0.0000    1.0354   -0.8377   -0.0000    0.0000
   -0.0000   -0.0000    0.0000    0.2413    0.0000   -0.5646    0.2258    0.0000   -0.0000
    0.5784    1.0213   -0.7473   -0.0000   -1.7132   -0.0000   -0.0000    0.3961   -0.6684
    0.5907    0.6020   -1.0740    0.0000   -1.1910   -0.0000    0.0000   -0.7260   -0.8717
 VECTOR=   -2.472000   -0.000000    0.000000   ICLUS=   20
   -0.4815    0.9749    0.0362    0.0000   -0.0556    0.0000   -0.0000   -1.0605    0.5907
   -0.9749    1.9841    0.0509    0.0000   -0.0750    0.0000   -0.0000   -2.1858    1.2311
    0.0362   -0.0509   -0.2395    0.0000    0.5734    0.0000   -0.0000    0.0285    0.0157
    0.0000   -0.0000    0.0000   -0.2718   -0.0000    0.0820    0.6245    0.0000    0.0000
    0.0556   -0.0750   -0.5734    0.0000    1.3626    0.0000   -0.0000    0.0392    0.0332
    0.0000   -0.0000    0.0000    0.0820   -0.0000   -0.1790   -0.1365    0.0000   -0.0000
    0.0000   -0.0000    0.0000   -0.6245   -0.0000    0.1365    1.4402    0.0000    0.0000
   -1.0605    2.1858    0.0285    0.0000   -0.0392    0.0000   -0.0000   -2.5035    1.3944
    0.5907   -1.2311    0.0157    0.0000   -0.0332   -0.0000   -0.0000    1.3944   -0.8717
 VECTOR=    2.472000    0.000000    0.000000   ICLUS=   20
   -0.4815   -0.9749    0.0362    0.0000    0.0556    0.0000    0.0000   -1.0605    0.5907
    0.9749    1.9841   -0.0509   -0.0000   -0.0750   -0.0000   -0.0000    2.1858   -1.2311
    0.0362    0.0509   -0.2395    0.0000   -0.5734    0.0000    0.0000    0.0285    0.0157
    0.0000    0.0000    0.0000   -0.2718    0.0000    0.0820   -0.6245    0.0000    0.0000
   -0.0556   -0.0750    0.5734   -0.0000    1.3626   -0.0000   -0.0000   -0.0392   -0.0332
    0.0000    0.0000    0.0000    0.0820    0.0000   -0.1790    0.1365    0.0000   -0.0000
   -0.0000   -0.0000   -0.0000    0.6245   -0.0000   -0.1365    1.4402   -0.0000   -0.0000
   -1.0605   -2.1858    0.0285    0.0000    0.0392    0.0000    0.0000   -2.5035    1.3944
    0.5907    1.2311    0.0157    0.0000    0.0332   -0.0000    0.0000    1.3944   -0.8717
 VECTOR=    0.000000   -1.427210   -2.010572   ICLUS=   20
   -0.4882   -0.0000    0.5722    0.8053    0.0000   -1.0324   -0.0000    0.3053   -0.5936
    0.0000   -0.3144   -0.0000    0.0000    0.4030    0.0000    0.5683   -0.0000   -0.0000
   -0.5722    0.0000    0.5363    1.0482   -0.0000   -1.0860    0.0000    0.1817   -1.0686
   -0.8053    0.0000    1.0482    1.2659    0.0000   -1.8262   -0.0000    0.6844   -0.7599
    0.0000   -0.4030   -0.0000    0.0000    0.4839    0.0000    0.7661   -0.0000    0.0000
   -1.0324    0.0000    1.0860    1.8262    0.0000   -2.1657   -0.0000    0.4952   -1.6797
    0.0000   -0.5683    0.0000   -0.0000    0.7661   -0.0000    1.0201    0.0000    0.0000
    0.3053   -0.0000   -0.1817   -0.6844    0.0000    0.4952    0.0000   -0.1146    1.0177
   -0.5936    0.0000    1.0686    0.7599    0.0000   -1.6797   -0.0000    1.0177    0.0331
 VECTOR=   -1.236000    0.713605   -2.010572   ICLUS=   20
   -0.4882    0.4956   -0.2861    0.8053    0.2644    0.5162   -0.8941   -0.1526   -0.5936
   -0.4956    0.3236   -0.3684    0.9078    0.2370    0.7163   -0.6724    0.0959   -0.9254
    0.2861   -0.3684   -0.1017   -0.5241    0.0959    0.1547    0.7163    0.3477    0.5343
   -0.8053    0.9078   -0.5241    1.2659    0.5927    0.9131   -1.5815   -0.3422   -0.7599
    0.2644   -0.2370   -0.0959   -0.5927    0.0351    0.1173    0.5630    0.2592    0.8813
    0.5162   -0.7163   -0.1547   -0.9131    0.1173    0.2237    1.3795    0.6984    0.8399
   -0.8941    0.6724   -0.7163    1.5815    0.5630    1.3795   -1.3692    0.1173   -1.4547
   -0.1526   -0.0959   -0.3477    0.3422    0.2592    0.6984    0.1173    0.3343   -0.5088
   -0.5936    0.9254   -0.5343    0.7599    0.8813    0.8399   -1.4547   -0.5088    0.0331
 VECTOR=    1.236000    0.713605   -2.010572   ICLUS=   20
   -0.4882   -0.4956   -0.2861    0.8053   -0.2644    0.5162    0.8941   -0.1526   -0.5936
    0.4956    0.3236    0.3684   -0.9078    0.2370   -0.7163   -0.6724   -0.0959    0.9254
    0.2861    0.3684   -0.1017   -0.5241   -0.0959    0.1547   -0.7163    0.3477    0.5343
   -0.8053   -0.9078   -0.5241    1.2659   -0.5927    0.9131    1.5815   -0.3422   -0.7599
   -0.2644   -0.2370    0.0959    0.5927    0.0351   -0.1173    0.5630   -0.2592   -0.8813
    0.5162    0.7163   -0.1547   -0.9131   -0.1173    0.2237   -1.3795    0.6984    0.8399
    0.8941    0.6724    0.7163   -1.5815    0.5630   -1.3795   -1.3692   -0.1173    1.4547
   -0.1526    0.0959   -0.3477    0.3422   -0.2592    0.6984   -0.1173    0.3343   -0.5088
   -0.5936   -0.9254   -0.5343    0.7599   -0.8813    0.8399    1.4547   -0.5088    0.0331
 VECTOR=    0.000000    0.000000    0.000000   ICLUS=   22
    3.0572   -0.0000    0.0000   -0.0000    0.0000   -0.0000   -0.0000   -0.0000    0.0146
    0.0000    2.7306    0.0000   -0.0000   -0.1907    0.0000   -0.0000    0.0000    0.0000
    0.0000    0.0000    2.7306   -0.0000    0.0000   -0.0000    0.0000   -0.1907    0.0000
   -0.0000   -0.0000   -0.0000    2.7534    0.0000    0.0000   -0.0000    0.0000   -0.0000
    0.0000   -0.1907   -0.0000   -0.0000    2.1219   -0.0000    0.0000   -0.0000   -0.0000
   -0.0000    0.0000   -0.0000    0.0000   -0.0000    1.9208    0.0000    0.0000   -0.0000
   -0.0000   -0.0000   -0.0000   -0.0000    0.0000    0.0000    1.9208    0.0000   -0.0000
   -0.0000    0.0000   -0.1907    0.0000    0.0000    0.0000   -0.0000    2.1219   -0.0000
    0.0146    0.0000    0.0000   -0.0000    0.0000   -0.0000   -0.0000   -0.0000    2.3656
 VECTOR=    1.236000    2.140815    0.000000   ICLUS=   22
   -0.4815   -0.5188   -0.8262   -0.0000   -0.9463   -0.0000   -0.0000    0.4821    0.5907
    0.4561    0.3164    0.9119    0.0000    0.6956    0.0000    0.0000   -0.9317   -0.6291
    0.8623    1.0138    1.4282    0.0000    1.8275    0.0000    0.0000   -0.6491   -1.0583
   -0.0000   -0.0000   -0.0000   -0.2718   -0.0000   -0.4999   -0.3833    0.0000   -0.0000
   -0.8906   -0.7008   -1.7379   -0.0000   -1.5370   -0.0000   -0.0000    1.6349    1.2242
    0.0000    0.0000    0.0000    0.5818    0.0000    1.0354    0.8377   -0.0000    0.0000
    0.0000    0.0000    0.0000    0.2413    0.0000    0.5646    0.2258   -0.0000    0.0000
    0.5784    1.0213    0.7473    0.0000    1.7132   -0.0000    0.0000    0.3961   -0.6684
    0.5907    0.6020    1.0740   -0.0000    1.1910   -0.0000   -0.0000   -0.7260   -0.8717
 VECTOR=    0.000000    1.427210   -2.010572   ICLUS=   22
   -0.4882   -0.0000   -0.5722    0.8053   -0.0000    1.0324   -0.0000    0.3053   -0.5936
   -0.0000   -0.3144    0.0000    0.0000   -0.4030    0.0000    0.5683    0.0000   -0.0000
    0.5722   -0.0000    0.5363   -1.0482   -0.0000   -1.0860    0.0000   -0.1817    1.0686
   -0.8053   -0.0000   -1.0482    1.2659    0.0000    1.8262   -0.0000    0.6844   -0.7599
    0.0000    0.4030   -0.0000   -0.0000    0.4839   -0.0000   -0.7661   -0.0000   -0.0000
    1.0324   -0.0000    1.0860   -1.8262   -0.0000   -2.1657   -0.0000   -0.4952    1.6797
    0.0000   -0.5683    0.0000   -0.0000   -0.7661    0.0000    1.0201   -0.0000   -0.0000
    0.3053   -0.0000    0.1817   -0.6844    0.0000   -0.4952    0.0000   -0.1146    1.0177
   -0.5936   -0.0000   -1.0686    0.7599   -0.0000    1.6797    0.0000    1.0177    0.0331
 VECTOR=   -1.236000    2.140815    0.000000   ICLUS=   22
   -0.4815    0.5188   -0.8262   -0.0000    0.9463   -0.0000    0.0000    0.4821    0.5907
   -0.4561    0.3164   -0.9119   -0.0000    0.6956   -0.0000    0.0000    0.9317    0.6291
    0.8623   -1.0138    1.4282    0.0000   -1.8275    0.0000   -0.0000   -0.6491   -1.0583
   -0.0000    0.0000   -0.0000   -0.2718    0.0000   -0.4999    0.3833    0.0000   -0.0000
    0.8906   -0.7008    1.7379    0.0000   -1.5370    0.0000   -0.0000   -1.6349   -1.2242
    0.0000   -0.0000    0.0000    0.5818   -0.0000    1.0354   -0.8377   -0.0000    0.0000
   -0.0000    0.0000   -0.0000   -0.2413    0.0000   -0.5646    0.2258    0.0000   -0.0000
    0.5784   -1.0213    0.7473    0.0000   -1.7132   -0.0000   -0.0000    0.3961   -0.6684
    0.5907   -0.6020    1.0740   -0.0000   -1.1910   -0.0000    0.0000   -0.7260   -0.8717
 VECTOR=    2.472000    0.000000    0.000000   ICLUS=   22
   -0.4815   -0.9749   -0.0362   -0.0000   -0.0556    0.0000   -0.0000   -1.0605    0.5907
    0.9749    1.9841    0.0509    0.0000    0.0750   -0.0000    0.0000    2.1858   -1.2311
   -0.0362   -0.0509   -0.2395    0.0000   -0.5734   -0.0000    0.0000   -0.0285   -0.0157
   -0.0000   -0.0000    0.0000   -0.2718    0.0000   -0.0820   -0.6245   -0.0000   -0.0000
    0.0556    0.0750    0.5734   -0.0000    1.3626    0.0000   -0.0000    0.0392    0.0332
    0.0000    0.0000   -0.0000   -0.0820   -0.0000   -0.1790   -0.1365    0.0000   -0.0000
    0.0000    0.0000   -0.0000    0.6245   -0.0000    0.1365    1.4402    0.0000    0.0000
   -1.0605   -2.1858   -0.0285   -0.0000   -0.0392    0.0000   -0.0000   -2.5035    1.3944
    0.5907    1.2311   -0.0157   -0.0000   -0.0332   -0.0000   -0.0000    1.3944   -0.8717
 VECTOR=    1.236000   -0.713605   -2.010572   ICLUS=   22
   -0.4882   -0.4956    0.2861    0.8053    0.2644   -0.5162    0.8941   -0.1526   -0.5936
    0.4956    0.3236   -0.3684   -0.9078   -0.2370    0.7163   -0.6724   -0.0959    0.9254
   -0.2861   -0.3684   -0.1017    0.5241   -0.0959    0.1547    0.7163   -0.3477   -0.5343
   -0.8053   -0.9078    0.5241    1.2659    0.5927   -0.9131    1.5815   -0.3422   -0.7599
    0.2644    0.2370    0.0959   -0.5927    0.0351   -0.1173   -0.5630    0.2592    0.8813
   -0.5162   -0.7163   -0.1547    0.9131   -0.1173    0.2237    1.3795   -0.6984   -0.8399
    0.8941    0.6724   -0.7163   -1.5815   -0.5630    1.3795   -1.3692   -0.1173    1.4547
   -0.1526    0.0959    0.3477    0.3422    0.2592   -0.6984   -0.1173    0.3343   -0.5088
   -0.5936   -0.9254    0.5343    0.7599    0.8813   -0.8399    1.4547   -0.5088    0.0331
 VECTOR=    0.000000    1.427210    2.010572   ICLUS=   22
   -0.4882    0.0000   -0.5722   -0.8053    0.0000   -1.0324    0.0000    0.3053   -0.5936
   -0.0000   -0.3144    0.0000   -0.0000   -0.4030   -0.0000   -0.5683    0.0000   -0.0000
    0.5722    0.0000    0.5363    1.0482   -0.0000    1.0860    0.0000   -0.1817    1.0686
    0.8053    0.0000    1.0482    1.2659   -0.0000    1.8262    0.0000   -0.6844    0.7599
    0.0000    0.4030    0.0000   -0.0000    0.4839    0.0000    0.7661   -0.0000   -0.0000
   -1.0324   -0.0000   -1.0860   -1.8262    0.0000   -2.1657   -0.0000    0.4952   -1.6797
   -0.0000    0.5683    0.0000    0.0000    0.7661    0.0000    1.0201   -0.0000   -0.0000
    0.3053    0.0000    0.1817    0.6844   -0.0000    0.4952   -0.0000   -0.1146    1.0177
   -0.5936    0.0000   -1.0686   -0.7599   -0.0000   -1.6797    0.0000    1.0177    0.0331
 VECTOR=   -1.236000   -0.713605   -2.010572   ICLUS=   22
   -0.4882    0.4956    0.2861    0.8053   -0.2644   -0.5162   -0.8941   -0.1526   -0.5936
   -0.4956    0.3236    0.3684    0.9078   -0.2370   -0.7163   -0.6724    0.0959   -0.9254
   -0.2861    0.3684   -0.1017    0.5241    0.0959    0.1547   -0.7163   -0.3477   -0.5343
   -0.8053    0.9078    0.5241    1.2659   -0.5927   -0.9131   -1.5815   -0.3422   -0.7599
   -0.2644    0.2370   -0.0959    0.5927    0.0351    0.1173   -0.5630   -0.2592   -0.8813
   -0.5162    0.7163   -0.1547    0.9131    0.1173    0.2237   -1.3795   -0.6984   -0.8399
   -0.8941    0.6724    0.7163    1.5815   -0.5630   -1.3795   -1.3692    0.1173   -1.4547
   -0.1526   -0.0959    0.3477    0.3422   -0.2592   -0.6984    0.1173    0.3343   -0.5088
   -0.5936    0.9254    0.5343    0.7599   -0.8813   -0.8399   -1.4547   -0.5088    0.0331
 VECTOR=   -2.472000    0.000000    0.000000   ICLUS=   22
   -0.4815    0.9749   -0.0362   -0.0000    0.0556    0.0000    0.0000   -1.0605    0.5907
   -0.9749    1.9841   -0.0509   -0.0000    0.0750    0.0000    0.0000   -2.1858    1.2311
   -0.0362    0.0509   -0.2395    0.0000    0.5734   -0.0000   -0.0000   -0.0285   -0.0157
   -0.0000    0.0000    0.0000   -0.2718   -0.0000   -0.0820    0.6245   -0.0000   -0.0000
   -0.0556    0.0750   -0.5734    0.0000    1.3626   -0.0000   -0.0000   -0.0392   -0.0332
    0.0000   -0.0000   -0.0000   -0.0820    0.0000   -0.1790    0.1365    0.0000   -0.0000
   -0.0000    0.0000    0.0000   -0.6245   -0.0000   -0.1365    1.4402   -0.0000   -0.0000
   -1.0605    2.1858   -0.0285   -0.0000    0.0392    0.0000    0.0000   -2.5035    1.3944
    0.5907   -1.2311   -0.0157   -0.0000    0.0332   -0.0000    0.0000    1.3944   -0.8717
 VECTOR=    1.236000   -0.713605    2.010572   ICLUS=   22
   -0.4882   -0.4956    0.2861   -0.8053    0.2644    0.5162   -0.8941   -0.1526   -0.5936
    0.4956    0.3236   -0.3684    0.9078   -0.2370   -0.7163    0.6724   -0.0959    0.9254
   -0.2861   -0.3684   -0.1017   -0.5241   -0.0959   -0.1547   -0.7163   -0.3477   -0.5343
    0.8053    0.9078   -0.5241    1.2659   -0.5927   -0.9131    1.5815    0.3422    0.7599
    0.2644    0.2370    0.0959    0.5927    0.0351    0.1173    0.5630    0.2592    0.8813
    0.5162    0.7163    0.1547    0.9131    0.1173    0.2237    1.3795    0.6984    0.8399
   -0.8941   -0.6724    0.7163   -1.5815    0.5630    1.3795   -1.3692    0.1173   -1.4547
   -0.1526    0.0959    0.3477   -0.3422    0.2592    0.6984    0.1173    0.3343   -0.5088
   -0.5936   -0.9254    0.5343   -0.7599    0.8813    0.8399   -1.4547   -0.5088    0.0331
 VECTOR=    1.236000   -2.140815    0.000000   ICLUS=   22
   -0.4815   -0.4561    0.8623   -0.0000    0.8906    0.0000   -0.0000    0.5784    0.5907
    0.5188    0.3164   -1.0138    0.0000   -0.7008   -0.0000    0.0000   -1.0213   -0.6020
   -0.8262   -0.9119    1.4282   -0.0000    1.7379    0.0000   -0.0000    0.7473    1.0740
   -0.0000   -0.0000    0.0000   -0.2718    0.0000    0.5818   -0.2413    0.0000   -0.0000
    0.9463    0.6956   -1.8275    0.0000   -1.5370   -0.0000    0.0000   -1.7132   -1.1910
   -0.0000   -0.0000    0.0000   -0.4999    0.0000    1.0354   -0.5646   -0.0000   -0.0000
    0.0000    0.0000   -0.0000    0.3833   -0.0000   -0.8377    0.2258   -0.0000    0.0000
    0.4821    0.9317   -0.6491    0.0000   -1.6349   -0.0000    0.0000    0.3961   -0.7260
    0.5907    0.6291   -1.0583   -0.0000   -1.2242    0.0000   -0.0000   -0.6684   -0.8717
 VECTOR=   -1.236000   -0.713605    2.010572   ICLUS=   22
   -0.4882    0.4956    0.2861   -0.8053   -0.2644    0.5162    0.8941   -0.1526   -0.5936
   -0.4956    0.3236    0.3684   -0.9078   -0.2370    0.7163    0.6724    0.0959   -0.9254
   -0.2861    0.3684   -0.1017   -0.5241    0.0959   -0.1547    0.7163   -0.3477   -0.5343
    0.8053   -0.9078   -0.5241    1.2659    0.5927   -0.9131   -1.5815    0.3422    0.7599
   -0.2644    0.2370   -0.0959   -0.5927    0.0351   -0.1173    0.5630   -0.2592   -0.8813
    0.5162   -0.7163    0.1547    0.9131   -0.1173    0.2237   -1.3795    0.6984    0.8399
    0.8941   -0.6724   -0.7163    1.5815    0.5630   -1.3795   -1.3692   -0.1173    1.4547
   -0.1526   -0.0959    0.3477   -0.3422   -0.2592    0.6984   -0.1173    0.3343   -0.5088
   -0.5936    0.9254    0.5343   -0.7599   -0.8813    0.8399    1.4547   -0.5088    0.0331
 VECTOR=   -1.236000   -2.140815    0.000000   ICLUS=   22
   -0.4815    0.4561    0.8623   -0.0000   -0.8906    0.0000    0.0000    0.5784    0.5907
   -0.5188    0.3164    1.0138   -0.0000   -0.7008    0.0000    0.0000    1.0213    0.6020
   -0.8262    0.9119    1.4282   -0.0000   -1.7379    0.0000    0.0000    0.7473    1.0740
   -0.0000    0.0000    0.0000   -0.2718   -0.0000    0.5818    0.2413    0.0000   -0.0000
   -0.9463    0.6956    1.8275   -0.0000   -1.5370    0.0000    0.0000    1.7132    1.1910
   -0.0000    0.0000    0.0000   -0.4999   -0.0000    1.0354    0.5646   -0.0000   -0.0000
   -0.0000    0.0000    0.0000   -0.3833   -0.0000    0.8377    0.2258    0.0000   -0.0000
    0.4821   -0.9317   -0.6491    0.0000    1.6349   -0.0000   -0.0000    0.3961   -0.7260
    0.5907   -0.6291   -1.0583   -0.0000    1.2242    0.0000    0.0000   -0.6684   -0.8717
