&lattice
nbulk_bulk = 8
ntot = 8
ntype = 8
nbas = 8
nrec = 8
a(:, 1) = 0.866025403784,  -0.500000000000,   0.000000000000
a(:, 2) = 0.000000000000,   1.000000000000,   0.000000000000
a(:, 3) = 0.000000000000,   0.000000000000,   0.798661264753
!
crd(:, 1) =  0.577350269190,   0.000000000000,   0.199665316188
crd(:, 2) =  0.288675134595,   0.500000000000,   0.598995948564
crd(:, 3) =  0.144337567297,   0.750000000000,   0.199665316188
crd(:, 4) =  0.144337567297,   0.250000000000,   0.199665316188
crd(:, 5) =  0.577350269190,   0.500000000000,   0.199665316188
crd(:, 6) =  0.721687836487,  -0.250000000000,   0.598995948564
crd(:, 7) =  0.721687836487,   0.250000000000,   0.598995948564
crd(:, 8) =  0.288675134595,   0.000000000000,   0.598995948564
!
izp(1) = 1
izp(2) = 2
izp(3) = 3
izp(4) = 4
izp(5) = 5
izp(6) = 6
izp(7) = 7
izp(8) = 8
!
no(1) = 1
no(2) = 2
no(3) = 3
no(4) = 4
no(5) = 5
no(6) = 6
no(7) = 7
no(8) = 8
!
iu(1) = 1
iu(2) = 2
iu(3) = 3
iu(4) = 4
iu(5) = 5
iu(6) = 6
iu(7) = 7
iu(8) = 8
!
ib(1) = 1
ib(2) = 2
ib(3) = 3
ib(4) = 4
ib(5) = 5
ib(6) = 6
ib(7) = 7
ib(8) = 8
!
irec(1) = 1
irec(2) = 2
irec(3) = 3
irec(4) = 4
irec(5) = 5
irec(6) = 6
irec(7) = 7
irec(8) = 8
!
ct(1) = 4.0
ct(2) = 4.0
ct(3) = 4.0
ct(4) = 4.0
ct(5) = 4.0
ct(6) = 4.0
ct(7) = 4.0
ct(8) = 4.0
!
r2 = 16.0
/
